
算法(end_link->camera)               x          y           z        rx       ry        rz  四元数姿态(w,x,y,z)                                                                       distance
---------------------------  ---------  ---------  ----------  --------  -------  --------  --------------------------------------------------------------------------------------  ----------
end_link->camera:Tsai-Lenz   0.0382847  0.016534   -0.0440757  -176.111  4.0954   -44.885   [0.04497151425368524, -0.9226784638293478, 0.38241276574654864, 0.02006220041074473]     0.0606775
end_link->camera:Park        0.0432913  0.0206174  -0.0405109  -178.645  3.00934  -44.6352  [0.02090212432661519, -0.924591552840641, 0.3798702656791599, 0.019802597486479754]      0.0627722
end_link->camera:Horaud      0.0432839  0.0206189  -0.0405135  -178.644  3.00764  -44.6355  [0.02091054214502159, -0.9245907186966454, 0.37987285374512614, 0.019783000650958785]    0.0627693
end_link->camera:Daniilidis  0.0417143  0.0265022  -0.0451641  -178.972  3.13678  -45.4289  [0.018841747370426796, -0.9219633781608582, 0.38620463144827977, 0.021783033171389837]   0.0669496

算法平均值测试              x            y             z          rx        ry          rz         距离
----------------  -----------  -----------  ------------  ----------  --------  ----------  -----------
mean              0.0416436    0.0210681    -0.0425661    -178.093    3.31229   -44.8961    0.0632921
var               4.17319e-06  1.26231e-05   4.36638e-06     1.32692  0.207162    0.104976  5.18914e-06
std               0.00204284   0.0035529     0.00208959      1.15192  0.45515     0.324001  0.00227797

Tsai-Lenz                      x             y             z            rx           ry          rz  四元数姿态(w,x,y,z)                                                                        距离
------------------  ------------  ------------  ------------  ------------  -----------  ----------  -------------------------------------------------------------------------------------  --------
base_link->marker0  -0.0898277    -0.479143     -0.0201541     0.00383389   -0.0606656   1.48134     [0.7376354578647776, 0.021878987107301358, -0.021089676251699996, 0.6745149863267506]  0.487907
base_link->marker1  -0.0900626    -0.475786     -0.0229232    -0.0117006    -0.0913853   1.48235     [0.7370730393783912, 0.02652731491407108, -0.03763974471959308, 0.6742424532780432]    0.484777
base_link->marker2  -0.0899925    -0.47611      -0.0225283     0.0113267    -0.0930711   1.48719     [0.7350534476851713, 0.035653701386302014, -0.03040954736106205, 0.676387834051511]    0.485064
base_link->marker3  -0.093649     -0.471392     -0.018497      0.018476     -0.0638992   1.46413     [0.7431881388777334, 0.028218375221993167, -0.01758745138332707, 0.6682557856727626]   0.48096
base_link->marker4  -0.0935036    -0.475567     -0.0190821     0.00930377   -0.0513855   1.45269     [0.747271822136894, 0.020538202397220887, -0.016117251638068097, 0.6640054519972945]   0.485048
base_link->marker5  -0.0894327    -0.475552     -0.0213718     0.0131686    -0.0644847   1.48947     [0.7347259382936037, 0.02668753203732542, -0.019241813737675417, 0.6775657339597572]   0.484361
base_link->marker6  -0.0894273    -0.475562     -0.0213329     0.0120374    -0.0699935   1.49041     [0.7343412280691859, 0.028147548247568936, -0.021636132440834288, 0.6778514247668828]  0.484367
base_link->marker7  -0.0900235    -0.476458     -0.0207299    -0.000413326  -0.0578776   1.47645     [0.7393577350171583, 0.019319636604173445, -0.02154101148110843, 0.6726907730422285]   0.485331
mean                -0.0907399    -0.475696     -0.0208274     0.00700407   -0.0690953   1.478       0.48472684502898455
var                  2.73689e-06   3.90267e-06   2.09711e-06   7.9231e-05    0.00020391  0.00015444  3.143590913350172e-06
std                  0.00165435    0.00197552    0.00144814    0.00890118    0.0142797   0.0124274   0.0017730174599676599

Park                           x             y             z            rx            ry           rz  四元数姿态(w,x,y,z)                                                                         距离
------------------  ------------  ------------  ------------  ------------  ------------  -----------  --------------------------------------------------------------------------------------  --------
base_link->marker0  -0.0870971    -0.480863     -0.0173493     0.0077803    -0.012651     1.4873       [0.7359641627658887, 0.007145259278016689, -0.0020220066585540097, 0.6769797691831176]  0.488995
base_link->marker1  -0.0874585    -0.478468     -0.0201884    -0.0150396    -0.0429464    1.48347      [0.7372153961284859, 0.008962091715068262, -0.02090940549245901, 0.6752747125319909]    0.486814
base_link->marker2  -0.0875884    -0.478975     -0.0202208     0.0125759    -0.0445653    1.48907      [0.7351118416696086, 0.01972080965667286, -0.012125265703199384, 0.6775504762268475]    0.487337
base_link->marker3  -0.0892055    -0.476825     -0.01859       0.000862578  -0.0210406    1.47943      [0.7386175758659755, 0.007409900247933412, -0.007480076289245408, 0.6740424455914421]   0.485453
base_link->marker4  -0.0891146    -0.480044     -0.017773      0.00104659   -0.0113188    1.47912      [0.7387507882970374, 0.004200776120274414, -0.0038282483709162207, 0.673954724580891]   0.488569
base_link->marker5  -0.0876659    -0.479268     -0.0180304     0.0189878    -0.0163085    1.48737      [0.735868547819228, 0.012507102021314439, 0.00042609864795406516, 0.6770087674243158]   0.487553
base_link->marker6  -0.0876602    -0.479275     -0.0179912     0.0179027    -0.0218226    1.48828      [0.7355305964515981, 0.013974994359834764, -0.001963961818331028, 0.6773445091459553]   0.487558
base_link->marker7  -0.0870764    -0.480282     -0.0178054     0.00102982   -0.0106825    1.48775      [0.7358371609451613, 0.00399567582716923, -0.003581679235107993, 0.677137267266177]     0.488437
mean                -0.0878583    -0.47925      -0.0184936     0.00564325   -0.0226669    1.48522      0.48758961352690894
var                  6.11587e-07   1.35874e-06   1.07927e-06   0.000109256   0.000163414  1.41704e-05  1.1104867251776207e-06
std                  0.00078204    0.00116565    0.00103888    0.0104526     0.0127833    0.00376436   0.0010537963395161423

Horaud                         x             y             z            rx            ry           rz  四元数姿态(w,x,y,z)                                                                         距离
------------------  ------------  ------------  ------------  ------------  ------------  -----------  --------------------------------------------------------------------------------------  --------
base_link->marker0  -0.0870978    -0.480863     -0.0173523     0.00774103   -0.0126659    1.48731      [0.7359609861284607, 0.007135883046767521, -0.0020407699954031466, 0.676983265175582]   0.488995
base_link->marker1  -0.0874594    -0.478466     -0.0201919    -0.0150757    -0.0429656    1.48346      [0.7372194722940001, 0.008955150603112659, -0.020928716913712564, 0.6752697562874977]   0.486812
base_link->marker2  -0.0875889    -0.478973     -0.0202225     0.0125374    -0.0445808    1.48906      [0.7351154431388215, 0.019711866962784992, -0.012144066643279938, 0.6775464922830162]   0.487335
base_link->marker3  -0.089205     -0.476821     -0.0185942     0.000832372  -0.0210661    1.47941      [0.7386230362847949, 0.007407306137950043, -0.007499764545909837, 0.6740362717368888]   0.485449
base_link->marker4  -0.0891145    -0.480042     -0.0177767     0.00101108   -0.0113423    1.47912      [0.7387526044211635, 0.004195596312542433, -0.00384893290247057, 0.673952648298114]     0.488567
base_link->marker5  -0.0876645    -0.479267     -0.0180339     0.0189471    -0.0163204    1.48738      [0.7358659544474146, 0.012496188622400017, 0.0004080079968581396, 0.6770117989256785]   0.487552
base_link->marker6  -0.0876588    -0.479275     -0.0179947     0.0178621    -0.0218345    1.48829      [0.735527946012491, 0.013964081560022688, -0.001982041361131448, 0.6773475596566907]    0.487557
base_link->marker7  -0.0870756    -0.480282     -0.0178098     0.000994112  -0.010702     1.48777      [0.7358323408793314, 0.003989167055030269, -0.0036009125287562727, 0.6771424415078492]  0.488437
mean                -0.0878581    -0.479249     -0.018497      0.00560619   -0.0226847    1.48522      0.48758820686198034
var                  6.11467e-07   1.36119e-06   1.07848e-06   0.000109213   0.000163401  1.42226e-05  1.1125614900938858e-06
std                  0.000781964   0.0011667     0.0010385     0.0104505     0.0127829    0.00377129   0.001054780304183713

Daniilidis                    x             y             z            rx            ry           rz  四元数姿态(w,x,y,z)                                                                          距离
------------------  -----------  ------------  ------------  ------------  ------------  -----------  ---------------------------------------------------------------------------------------  --------
base_link->marker0  -0.090726    -0.478193     -0.0234157     0.00665975   -0.00843031   1.47311      [0.7407660279532045, 0.0052981675664969825, -0.0008857136609828897, 0.6717416443560577]  0.487286
base_link->marker1  -0.0908555   -0.472605     -0.0239777    -0.00779861   -0.0398633    1.47056      [0.7415407886272503, 0.010477787752585106, -0.017396161619884443, 0.6706003640968168]    0.481856
base_link->marker2  -0.0905398   -0.473694     -0.024606      0.0193577    -0.0418713    1.47583      [0.7395406398480819, 0.021242119342542987, -0.008978027628936402, 0.6727167378613538]    0.482897
base_link->marker3  -0.0951701   -0.472648     -0.0213348     0.00520772   -0.012745     1.46782      [0.7425336013409817, 0.006201592730720998, -0.002987959431146714, 0.6697734417141609]    0.482606
base_link->marker4  -0.0955203   -0.477675     -0.0209834     0.000442776  -0.00143051   1.46805      [0.7424838332138909, 0.0006434999878795919, -0.0003827654271217895, 0.6698635658209815]  0.487584
base_link->marker5  -0.0901232   -0.475889     -0.0243823     0.0194421    -0.0146105    1.47261      [0.7408529753259728, 0.012108159035734676, 0.0011153446978873216, 0.6715571587300845]    0.484961
base_link->marker6  -0.0901176   -0.475897     -0.0243431     0.0183586    -0.0201251    1.47352      [0.7405194455696352, 0.013558759029589397, -0.0012853045169078925, 0.6718969108271867]   0.484966
base_link->marker7  -0.0915413   -0.478784     -0.0237742    -0.00302522   -0.00503574   1.47465      [0.7402687561392121, 0.000573051559942633, -0.002880838017388143, 0.6723046490009805]    0.488036
mean                -0.0918242   -0.475673     -0.0233521     0.00733059   -0.018014     1.47202      0.4850239279102776
var                  4.317e-06    5.32663e-06   1.73368e-06   0.000100186   0.000203208  7.59319e-06  5.1447864354831725e-06
std                  0.00207774   0.00230795    0.00131669    0.0100093     0.0142551    0.00275557   0.002268212167210813

原始数据 :

hand,-0.10440504119489272, -0.45829637117645866, 0.19646962039912275, -21.28673593574513, 7.575163586238579, 13.577649481220776
eye,-0.016088807955384254, -0.01593594253063202, 0.16650134325027466, 177.99876162525806, 20.747977815086113, -115.77841200501068
hand,-0.10961365837881637, -0.5662247392462516, 0.1556443807209659, 10.001517352659906, -11.556105629537925, 18.29691082066436
eye,-0.03011097013950348, 0.009003502316772938, 0.15361016988754272, -176.67122866882258, -13.623886947593078, -110.35030667260713
hand,-0.16155029332907891, -0.5600885242096575, 0.16531220741669042, 7.345301088568715, -9.27988701266168, 13.764670694619218
eye,0.010106448084115982, -0.018410012125968933, 0.16366532444953918, -174.98569979044825, -9.886686337464107, -115.57578834533126
hand,0.013077255158034873, -0.5776742260878667, 0.2310826952897851, 14.227183365887967, 4.323778069150519, 35.9883027739941
eye,-0.06025007739663124, 0.00012761008110828698, 0.24091844260692596, 164.4793365764291, -8.199228571928156, -92.99827271576551
hand,0.013441826518463318, -0.481616880627758, 0.2405822784213001, -0.6349895203856872, 26.575825125762055, 31.273063608600832
eye,-0.017733944579958916, -0.017077744007110596, 0.23049233853816986, 155.679969730759, 14.640164500944676, -102.04704025611873
hand,-0.13487129749940135, -0.46865818178009333, 0.22523377824852903, -18.845785852460843, -3.701101179662142, 11.41504544212905
eye,-0.028277426958084106, -0.013275614008307457, 0.2004380077123642, -172.03011294754364, 15.366006994664518, -118.20014348386339
hand,-0.13487129749940135, -0.46865818178009333, 0.22523377824852903, -18.845785852460843, -3.701101179662142, 11.41504544212905
eye,-0.028259946033358574, -0.013266237452626228, 0.2004028707742691, -172.0951705308964, 15.685924127846341, -118.21465602342518
hand,-0.04019066900019283, -0.418706719463636, 0.24033820323552255, -28.962990412940876, 17.6659459578421, 16.708623610837385
eye,-0.05391861870884895, -0.025890739634633064, 0.21715305745601654, 172.46493004874816, 31.491226021750325, -111.59350619645319
